%YAML:1.0
---
calibration_time: "Fri 17 Apr 2020 16:14:34 BST"
image_width: 640
image_height: 480
flags: 0
camera_matrix: !!opencv-matrix
   rows: 3
   cols: 3
   dt: d
   data: [ 6.7002987482724518e+02, 0., 3.2422531892137482e+02, 0.,
       6.7083716993197538e+02, 2.2024739817089616e+02, 0., 0., 1. ]
distortion_coefficients: !!opencv-matrix
   rows: 1
   cols: 5
   dt: d
   data: [ 1.0364556267416307e-01, -7.1423134810218747e-01,
       -8.0740555964583568e-03, 1.7885360691588187e-03,
       7.0818409330025978e-01 ]
avg_reprojection_error: 4.6849684052034374e-01
