%YAML:1.0
---
calibration_time: "Sat 18 Apr 2020 12:49:02 BST"
image_width: 2592
image_height: 1936
flags: 0
camera_matrix: !!opencv-matrix
   rows: 3
   cols: 3
   dt: d
   data: [ 2.5242125176109494e+03, 0., 1.2744245848326959e+03, 0.,
       2.5260922701371774e+03, 1.0037756978030347e+03, 0., 0., 1. ]
distortion_coefficients: !!opencv-matrix
   rows: 1
   cols: 5
   dt: d
   data: [ 1.3721399304114784e-01, -9.8220271977780316e-01,
       -5.5887244487207643e-04, -1.7664525232960035e-03,
       2.3014667052360602e+00 ]
avg_reprojection_error: 1.8314781289317694e+00
